16 0.15703125 0.79453125 0.0609375 0.1328125
16 0.91875 0.67421875 0.1625 0.1921875
16 0.78046875 0.925 0.1484375 0.14375
16 0.76171875 0.64375 0.1640625 0.228125
16 0.6375 0.31484375 0.0875 0.1359375
16 0.56953125 0.61015625 0.1328125 0.2171875
16 0.04609375 0.7671875 0.0890625 0.15625
16 0.4703125 0.8734375 0.153125 0.178125
16 0.4515625 0.6046875 0.128125 0.1875
16 0.34375 0.80859375 0.11875 0.2109375
16 0.61875 0.87890625 0.11875 0.2171875
16 0.31171875 0.61015625 0.1234375 0.1296875
16 0.246875 0.78359375 0.1 0.2046875
16 0.203125 0.5640625 0.096875 0.18125
16 0.1140625 0.571875 0.084375 0.13125
16 0.03203125 0.5546875 0.0609375 0.165625