16 0.20546875 0.15703125 0.1328125 0.0609375
16 0.32578125 0.91875 0.1921875 0.1625
16 0.075 0.78046875 0.14375 0.1484375
16 0.35625 0.76171875 0.228125 0.1640625
16 0.68515625 0.6375 0.1359375 0.0875
16 0.38984375 0.56953125 0.2171875 0.1328125
16 0.2328125 0.04609375 0.15625 0.0890625
16 0.1265625 0.4703125 0.178125 0.153125
16 0.3953125 0.4515625 0.1875 0.128125
16 0.19140625 0.34375 0.2109375 0.11875
16 0.12109375 0.61875 0.2171875 0.11875
16 0.38984375 0.31171875 0.1296875 0.1234375
16 0.21640625 0.246875 0.2046875 0.1
16 0.4359375 0.203125 0.18125 0.096875
16 0.428125 0.1140625 0.13125 0.084375
16 0.4453125 0.03203125 0.165625 0.0609375