16 0.24453125 0.78515625 0.0921875 0.1953125
16 0.0328125 0.54921875 0.065625 0.1609375
16 0.61796875 0.87578125 0.1234375 0.2078125
16 0.76171875 0.63671875 0.1671875 0.2203125
16 0.31328125 0.609375 0.1265625 0.134375
16 0.44921875 0.60625 0.1234375 0.1875
16 0.5671875 0.60546875 0.134375 0.2171875
16 0.1578125 0.7921875 0.0625 0.128125
16 0.47421875 0.86953125 0.1484375 0.1671875
16 0.34453125 0.80703125 0.1171875 0.2046875
16 0.6390625 0.3125 0.0875 0.1375
16 0.77421875 0.92578125 0.1484375 0.1359375
16 0.91796875 0.66953125 0.1578125 0.1953125
16 0.115625 0.57421875 0.084375 0.1328125
16 0.04375 0.7625 0.0875 0.1375
16 0.93671875 0.9265625 0.1203125 0.1375
16 0.20546875 0.56875 0.0921875 0.16875