16 0.21484375 0.75546875 0.1953125 0.0921875
16 0.45078125 0.9671875 0.1609375 0.065625
16 0.12421875 0.38203125 0.2078125 0.1234375
16 0.36328125 0.23828125 0.2203125 0.1671875
16 0.390625 0.68671875 0.134375 0.1265625
16 0.39375 0.55078125 0.1875 0.1234375
16 0.39453125 0.4328125 0.2171875 0.134375
16 0.2078125 0.8421875 0.128125 0.0625
16 0.13046875 0.52578125 0.1671875 0.1484375
16 0.19296875 0.65546875 0.2046875 0.1171875
16 0.6875 0.3609375 0.1375 0.0875
16 0.07421875 0.22578125 0.1359375 0.1484375
16 0.33046875 0.08203125 0.1953125 0.1578125
16 0.42578125 0.884375 0.1328125 0.084375
16 0.2375 0.95625 0.1375 0.0875
16 0.0734375 0.06328125 0.1375 0.1203125
16 0.43125 0.79453125 0.16875 0.0921875