2 0.11796875 0.49296875 0.2359375 0.4203125
2 0.196875 0.596875 0.3359375 0.384375
2 0.33671875 0.6765625 0.3546875 0.3890625
2 0.4734375 0.79140625 0.421875 0.4171875
2 0.6453125 0.8296875 0.4875 0.340625
2 0.4296875 0.1265625 0.35625 0.253125
2 0.8796875 0.37734375 0.240625 0.3359375
2 0.33046875 0.31015625 0.3546875 0.3578125
2 0.5546875 0.15078125 0.29375 0.3015625
2 0.675 0.21171875 0.3203125 0.3453125
2 0.80078125 0.2875 0.303125 0.334375
2 0.74921875 0.5953125 0.309375 0.3453125
2 0.61953125 0.496875 0.315625 0.35625
2 0.49453125 0.421875 0.325 0.3546875
1 0.7125 0.80078125 0.171875 0.1578125
1 0.53515625 0.72734375 0.21875 0.2078125
1 0.359375 0.64609375 0.2140625 0.19375
15 0.3984375 0.58359375 0.184375 0.1546875
15 0.259375 0.4921875 0.1671875 0.146875
1 0.14375 0.6640625 0.1984375 0.184375
15 0.109375 0.41953125 0.1875 0.16875
1 0.04296875 0.56796875 0.0859375 0.1609375
1 0.39140625 0.2359375 0.159375 0.13125
1 0.55 0.3265625 0.1578125 0.134375
15 0.52265625 0.36171875 0.153125 0.128125
1 0.67578125 0.40625 0.153125 0.13125
15 0.65390625 0.446875 0.1578125 0.134375
15 0.4953125 0.01953125 0.146875 0.0390625
1 0.4625 0.03515625 0.134375 0.0703125
15 0.61015625 0.0609375 0.1375 0.1125
1 0.57890625 0.1015625 0.140625 0.1234375
15 0.7203125 0.14140625 0.1375 0.1171875
1 0.6984375 0.17890625 0.1375 0.1171875
15 0.83515625 0.21796875 0.1484375 0.134375
1 0.81796875 0.2515625 0.1234375 0.09375
15 0.9359375 0.29453125 0.128125 0.1296875
1 0.9265625 0.33046875 0.13125 0.1